Geom-1
C       -0.203733218      0.473709728     -0.121733793
C       -0.241014950      0.325462726      1.310018770
C        1.002349741      0.118583962      2.002026933
C        2.229128372      0.052948909      1.275725939
C        2.243102151      0.240892445     -0.149493584
C        0.982868677      0.442879583     -0.816769965
C        3.437957130     -0.216199388      1.988832148
N        3.380720597     -0.416519543      3.336144158
C        2.264130650     -0.219203540      4.085111187
C        1.014458343      0.009589425      3.425404690
N        4.801830775     -0.039361618      5.653079989
C        3.601355512     -0.227061659      6.310259431
C        2.328407887     -0.259782965      5.550476736
C        5.991342807     -0.185227975      6.318105576
C        6.035739752     -0.114828852      7.750930349
C        4.802893026     -0.069342566      8.465015457
C        3.565134029     -0.115149830      7.755655828
C        7.291353638     -0.070383636      8.441861312
C        7.262506835     -0.008391642      9.878966666
C        6.074836036      0.022595994     10.575984446
C        4.803782155      0.001411918      9.901026186
C        3.570027355      0.039535761     10.580207887
C        2.338181447      0.030329791      9.891893211
C        2.327958378     -0.043715733      8.453825992
C        1.093107663     -0.024788606      7.726480513
C        1.088434004     -0.090985281      6.292405203
C       -0.160355123      0.038712549      5.600257064
C       -0.195125437      0.107074262      4.171873135
C       -1.437874791      0.279267889      3.468109684
C       -1.430918685      0.384972268      2.060599788
C       -2.651177765      0.349705805      4.236317074
C       -1.430918685      0.384972268      2.060599788
C       -2.651177765      0.349705805      4.236317074
C       -2.626688938      0.281582176      5.608162563
C       -1.393506553      0.145014502      6.337897803
C       -1.362855407      0.137248396      7.743860135
C       -0.146659682      0.074370382      8.449975634
C       -0.109128645      0.120805895      9.888325735
C        1.077730156      0.099997498     10.579644794
C        8.490461217     -0.062907600      7.695082223
C        8.496195060     -0.146615698      6.288986465
C        7.239543752     -0.272386354      5.570043888
C        7.277379682     -0.440086598      4.120433406
C        6.110134402     -0.787402628      3.329550416
C        5.979713588     -0.384226760      1.949746249
C        4.707190216     -0.219480958      1.287937689
C        4.699238649      0.053190958     -0.127351932
C        3.479203200      0.237845643     -0.817194531
C        9.713669922     -0.061380393      5.523581350
C        9.718924818     -0.041116799      4.146322365
C        8.506396451     -0.191894151      3.388722971
C        8.440881306     -0.075003725      1.986914544
C        7.221140164     -0.111901515      1.257655794
C        7.161596048      0.121612458     -0.158057074
C        5.956676846      0.173900714     -0.819423245
H        5.930274952      0.358049865     -1.904414224
H        8.104503140      0.272609587     -0.706453441
H        9.372656638      0.114296111      1.430777398
H       10.664897506      0.095183664      3.599427349
H       10.659851813      0.036328779      6.077899497
H       -3.605638532      0.468025202      3.700543790
H        8.221298322      0.019909797     10.419545199
H        6.080828734      0.071139514     11.675912063
H       -1.154485891      0.628245643     -0.654994218
H        6.080828734      0.071139514     11.675912063
H       -1.154485891      0.628245643     -0.654994218
H       -2.387935205      0.530808793      1.534718106
H        3.564768577      0.087893793     11.680649451
H        1.082989842      0.145380060     11.679682972
H       -1.066084155      0.184009106     10.428995591
H       -2.307864749      0.210990108      8.304172509
H       -3.563231950      0.346439809      6.183381651
H        0.988562232      0.576665065     -1.909558676
H        3.505668335      0.414009503     -1.903796353
H        9.451934520      0.016214049      8.225850526
Pd       6.256964610     -2.803520195      2.766728739
Ni       4.811528001     -3.792230338      4.566684778
Ni       6.625613874     -2.185386663      5.260053167
Ni       4.686164331     -1.415378320      4.279196524
Pd       5.362881671     -3.570376764      6.868568967
Pd       3.156042319     -2.363065860      6.025787581
H        4.948477537     -5.653668924      4.432261529
H        4.917842363     -4.888383089      4.491736468

Geom-2
C       -0.203733218      0.473709728     -0.121733793
C       -0.241014950      0.325462726      1.310018770
C        1.002349741      0.118583962      2.002026933
C        2.229128372      0.052948909      1.275725939
C        2.243102151      0.240892445     -0.149493584
C        0.982868677      0.442879583     -0.816769965
C        3.437957130     -0.216199388      1.988832148
N        3.380720597     -0.416519543      3.336144158
C        2.264130650     -0.219203540      4.085111187
C        1.014458343      0.009589425      3.425404690
N        4.801830775     -0.039361618      5.653079989
C        3.601355512     -0.227061659      6.310259431
C        2.328407887     -0.259782965      5.550476736
C        5.991342807     -0.185227975      6.318105576
C        6.035739752     -0.114828852      7.750930349
C        4.802893026     -0.069342566      8.465015457
C        3.565134029     -0.115149830      7.755655828
C        7.291353638     -0.070383636      8.441861312
C        7.262506835     -0.008391642      9.878966666
C        6.074836036      0.022595994     10.575984446
C        4.803782155      0.001411918      9.901026186
C        3.570027355      0.039535761     10.580207887
C        2.338181447      0.030329791      9.891893211
C        2.327958378     -0.043715733      8.453825992
C        1.093107663     -0.024788606      7.726480513
C        1.088434004     -0.090985281      6.292405203
C       -0.160355123      0.038712549      5.600257064
C       -0.195125437      0.107074262      4.171873135
C       -1.437874791      0.279267889      3.468109684
C       -1.430918685      0.384972268      2.060599788
C       -2.651177765      0.349705805      4.236317074
C       -1.430918685      0.384972268      2.060599788
C       -2.651177765      0.349705805      4.236317074
C       -2.626688938      0.281582176      5.608162563
C       -1.393506553      0.145014502      6.337897803
C       -1.362855407      0.137248396      7.743860135
C       -0.146659682      0.074370382      8.449975634
C       -0.109128645      0.120805895      9.888325735
C        1.077730156      0.099997498     10.579644794
C        8.490461217     -0.062907600      7.695082223
C        8.496195060     -0.146615698      6.288986465
C        7.239543752     -0.272386354      5.570043888
C        7.277379682     -0.440086598      4.120433406
C        6.110134402     -0.787402628      3.329550416
C        5.979713588     -0.384226760      1.949746249
C        4.707190216     -0.219480958      1.287937689
C        4.699238649      0.053190958     -0.127351932
C        3.479203200      0.237845643     -0.817194531
C        9.713669922     -0.061380393      5.523581350
C        9.718924818     -0.041116799      4.146322365
C        8.506396451     -0.191894151      3.388722971
C        8.440881306     -0.075003725      1.986914544
C        7.221140164     -0.111901515      1.257655794
C        7.161596048      0.121612458     -0.158057074
C        5.956676846      0.173900714     -0.819423245
H        5.930274952      0.358049865     -1.904414224
H        8.104503140      0.272609587     -0.706453441
H        9.372656638      0.114296111      1.430777398
H       10.664897506      0.095183664      3.599427349
H       10.659851813      0.036328779      6.077899497
H       -3.605638532      0.468025202      3.700543790
H        8.221298322      0.019909797     10.419545199
H        6.080828734      0.071139514     11.675912063
H       -1.154485891      0.628245643     -0.654994218
H        6.080828734      0.071139514     11.675912063
H       -1.154485891      0.628245643     -0.654994218
H       -2.387935205      0.530808793      1.534718106
H        3.564768577      0.087893793     11.680649451
H        1.082989842      0.145380060     11.679682972
H       -1.066084155      0.184009106     10.428995591
H       -2.307864749      0.210990108      8.304172509
H       -3.563231950      0.346439809      6.183381651
H        0.988562232      0.576665065     -1.909558676
H        3.505668335      0.414009503     -1.903796353
H        9.451934520      0.016214049      8.225850526
Pd       6.256964610     -2.803520195      2.766728739
Ni       4.811528001     -3.792230338      4.566684778
Ni       6.625613874     -2.185386663      5.260053167
Ni       4.686164331     -1.415378320      4.279196524
Pd       5.362881671     -3.570376764      6.868568967
Pd       3.156042319     -2.363065860      6.025787581
H        5.118024062     -3.497772926      7.739068116
H        4.915668204     -3.498506431      8.480141500

Geom-3
C       -0.203733218      0.473709728     -0.121733793
C       -0.241014950      0.325462726      1.310018770
C        1.002349741      0.118583962      2.002026933
C        2.229128372      0.052948909      1.275725939
C        2.243102151      0.240892445     -0.149493584
C        0.982868677      0.442879583     -0.816769965
C        3.437957130     -0.216199388      1.988832148
N        3.380720597     -0.416519543      3.336144158
C        2.264130650     -0.219203540      4.085111187
C        1.014458343      0.009589425      3.425404690
N        4.801830775     -0.039361618      5.653079989
C        3.601355512     -0.227061659      6.310259431
C        2.328407887     -0.259782965      5.550476736
C        5.991342807     -0.185227975      6.318105576
C        6.035739752     -0.114828852      7.750930349
C        4.802893026     -0.069342566      8.465015457
C        3.565134029     -0.115149830      7.755655828
C        7.291353638     -0.070383636      8.441861312
C        7.262506835     -0.008391642      9.878966666
C        6.074836036      0.022595994     10.575984446
C        4.803782155      0.001411918      9.901026186
C        3.570027355      0.039535761     10.580207887
C        2.338181447      0.030329791      9.891893211
C        2.327958378     -0.043715733      8.453825992
C        1.093107663     -0.024788606      7.726480513
C        1.088434004     -0.090985281      6.292405203
C       -0.160355123      0.038712549      5.600257064
C       -0.195125437      0.107074262      4.171873135
C       -1.437874791      0.279267889      3.468109684
C       -1.430918685      0.384972268      2.060599788
C       -2.651177765      0.349705805      4.236317074
C       -1.430918685      0.384972268      2.060599788
C       -2.651177765      0.349705805      4.236317074
C       -2.626688938      0.281582176      5.608162563
C       -1.393506553      0.145014502      6.337897803
C       -1.362855407      0.137248396      7.743860135
C       -0.146659682      0.074370382      8.449975634
C       -0.109128645      0.120805895      9.888325735
C        1.077730156      0.099997498     10.579644794
C        8.490461217     -0.062907600      7.695082223
C        8.496195060     -0.146615698      6.288986465
C        7.239543752     -0.272386354      5.570043888
C        7.277379682     -0.440086598      4.120433406
C        6.110134402     -0.787402628      3.329550416
C        5.979713588     -0.384226760      1.949746249
C        4.707190216     -0.219480958      1.287937689
C        4.699238649      0.053190958     -0.127351932
C        3.479203200      0.237845643     -0.817194531
C        9.713669922     -0.061380393      5.523581350
C        9.718924818     -0.041116799      4.146322365
C        8.506396451     -0.191894151      3.388722971
C        8.440881306     -0.075003725      1.986914544
C        7.221140164     -0.111901515      1.257655794
C        7.161596048      0.121612458     -0.158057074
C        5.956676846      0.173900714     -0.819423245
H        5.930274952      0.358049865     -1.904414224
H        8.104503140      0.272609587     -0.706453441
H        9.372656638      0.114296111      1.430777398
H       10.664897506      0.095183664      3.599427349
H       10.659851813      0.036328779      6.077899497
H       -3.605638532      0.468025202      3.700543790
H        8.221298322      0.019909797     10.419545199
H        6.080828734      0.071139514     11.675912063
H       -1.154485891      0.628245643     -0.654994218
H        6.080828734      0.071139514     11.675912063
H       -1.154485891      0.628245643     -0.654994218
H       -2.387935205      0.530808793      1.534718106
H        3.564768577      0.087893793     11.680649451
H        1.082989842      0.145380060     11.679682972
H       -1.066084155      0.184009106     10.428995591
H       -2.307864749      0.210990108      8.304172509
H       -3.563231950      0.346439809      6.183381651
H        0.988562232      0.576665065     -1.909558676
H        3.505668335      0.414009503     -1.903796353
H        9.451934520      0.016214049      8.225850526
Pd       6.256964610     -2.803520195      2.766728739
Ni       4.811528001     -3.792230338      4.566684778
Ni       6.625613874     -2.185386663      5.260053167
Ni       4.686164331     -1.415378320      4.279196524
Pd       5.362881671     -3.570376764      6.868568967
Pd       3.156042319     -2.363065860      6.025787581
H        3.345808644     -1.281989798      3.285543088
H        3.342532933     -2.042508557      3.177197898

Geom-4
C       -0.203733218      0.473709728     -0.121733793
C       -0.241014950      0.325462726      1.310018770
C        1.002349741      0.118583962      2.002026933
C        2.229128372      0.052948909      1.275725939
C        2.243102151      0.240892445     -0.149493584
C        0.982868677      0.442879583     -0.816769965
C        3.437957130     -0.216199388      1.988832148
N        3.380720597     -0.416519543      3.336144158
C        2.264130650     -0.219203540      4.085111187
C        1.014458343      0.009589425      3.425404690
N        4.801830775     -0.039361618      5.653079989
C        3.601355512     -0.227061659      6.310259431
C        2.328407887     -0.259782965      5.550476736
C        5.991342807     -0.185227975      6.318105576
C        6.035739752     -0.114828852      7.750930349
C        4.802893026     -0.069342566      8.465015457
C        3.565134029     -0.115149830      7.755655828
C        7.291353638     -0.070383636      8.441861312
C        7.262506835     -0.008391642      9.878966666
C        6.074836036      0.022595994     10.575984446
C        4.803782155      0.001411918      9.901026186
C        3.570027355      0.039535761     10.580207887
C        2.338181447      0.030329791      9.891893211
C        2.327958378     -0.043715733      8.453825992
C        1.093107663     -0.024788606      7.726480513
C        1.088434004     -0.090985281      6.292405203
C       -0.160355123      0.038712549      5.600257064
C       -0.195125437      0.107074262      4.171873135
C       -1.437874791      0.279267889      3.468109684
C       -1.430918685      0.384972268      2.060599788
C       -2.651177765      0.349705805      4.236317074
C       -1.430918685      0.384972268      2.060599788
C       -2.651177765      0.349705805      4.236317074
C       -2.626688938      0.281582176      5.608162563
C       -1.393506553      0.145014502      6.337897803
C       -1.362855407      0.137248396      7.743860135
C       -0.146659682      0.074370382      8.449975634
C       -0.109128645      0.120805895      9.888325735
C        1.077730156      0.099997498     10.579644794
C        8.490461217     -0.062907600      7.695082223
C        8.496195060     -0.146615698      6.288986465
C        7.239543752     -0.272386354      5.570043888
C        7.277379682     -0.440086598      4.120433406
C        6.110134402     -0.787402628      3.329550416
C        5.979713588     -0.384226760      1.949746249
C        4.707190216     -0.219480958      1.287937689
C        4.699238649      0.053190958     -0.127351932
C        3.479203200      0.237845643     -0.817194531
C        9.713669922     -0.061380393      5.523581350
C        9.718924818     -0.041116799      4.146322365
C        8.506396451     -0.191894151      3.388722971
C        8.440881306     -0.075003725      1.986914544
C        7.221140164     -0.111901515      1.257655794
C        7.161596048      0.121612458     -0.158057074
C        5.956676846      0.173900714     -0.819423245
H        5.930274952      0.358049865     -1.904414224
H        8.104503140      0.272609587     -0.706453441
H        9.372656638      0.114296111      1.430777398
H       10.664897506      0.095183664      3.599427349
H       10.659851813      0.036328779      6.077899497
H       -3.605638532      0.468025202      3.700543790
H        8.221298322      0.019909797     10.419545199
H        6.080828734      0.071139514     11.675912063
H       -1.154485891      0.628245643     -0.654994218
H        6.080828734      0.071139514     11.675912063
H       -1.154485891      0.628245643     -0.654994218
H       -2.387935205      0.530808793      1.534718106
H        3.564768577      0.087893793     11.680649451
H        1.082989842      0.145380060     11.679682972
H       -1.066084155      0.184009106     10.428995591
H       -2.307864749      0.210990108      8.304172509
H       -3.563231950      0.346439809      6.183381651
H        0.988562232      0.576665065     -1.909558676
H        3.505668335      0.414009503     -1.903796353
H        9.451934520      0.016214049      8.225850526
Pd       6.256964610     -2.803520195      2.766728739
Ni       4.811528001     -3.792230338      4.566684778
Ni       6.625613874     -2.185386663      5.260053167
Ni       4.686164331     -1.415378320      4.279196524
Pd       5.362881671     -3.570376764      6.868568967
Pd       3.156042319     -2.363065860      6.025787581
H        5.568243174     -3.723005711      3.586057978
H        5.606690833     -4.335928962      3.124554935


Geom-5
C       -0.203733218      0.473709728     -0.121733793
C       -0.241014950      0.325462726      1.310018770
C        1.002349741      0.118583962      2.002026933
C        2.229128372      0.052948909      1.275725939
C        2.243102151      0.240892445     -0.149493584
C        0.982868677      0.442879583     -0.816769965
C        3.437957130     -0.216199388      1.988832148
N        3.380720597     -0.416519543      3.336144158
C        2.264130650     -0.219203540      4.085111187
C        1.014458343      0.009589425      3.425404690
N        4.801830775     -0.039361618      5.653079989
C        3.601355512     -0.227061659      6.310259431
C        2.328407887     -0.259782965      5.550476736
C        5.991342807     -0.185227975      6.318105576
C        6.035739752     -0.114828852      7.750930349
C        4.802893026     -0.069342566      8.465015457
C        3.565134029     -0.115149830      7.755655828
C        7.291353638     -0.070383636      8.441861312
C        7.262506835     -0.008391642      9.878966666
C        6.074836036      0.022595994     10.575984446
C        4.803782155      0.001411918      9.901026186
C        3.570027355      0.039535761     10.580207887
C        2.338181447      0.030329791      9.891893211
C        2.327958378     -0.043715733      8.453825992
C        1.093107663     -0.024788606      7.726480513
C        1.088434004     -0.090985281      6.292405203
C       -0.160355123      0.038712549      5.600257064
C       -0.195125437      0.107074262      4.171873135
C       -1.437874791      0.279267889      3.468109684
C       -1.430918685      0.384972268      2.060599788
C       -2.651177765      0.349705805      4.236317074
C       -1.430918685      0.384972268      2.060599788
C       -2.651177765      0.349705805      4.236317074
C       -2.626688938      0.281582176      5.608162563
C       -1.393506553      0.145014502      6.337897803
C       -1.362855407      0.137248396      7.743860135
C       -0.146659682      0.074370382      8.449975634
C       -0.109128645      0.120805895      9.888325735
C        1.077730156      0.099997498     10.579644794
C        8.490461217     -0.062907600      7.695082223
C        8.496195060     -0.146615698      6.288986465
C        7.239543752     -0.272386354      5.570043888
C        7.277379682     -0.440086598      4.120433406
C        6.110134402     -0.787402628      3.329550416
C        5.979713588     -0.384226760      1.949746249
C        4.707190216     -0.219480958      1.287937689
C        4.699238649      0.053190958     -0.127351932
C        3.479203200      0.237845643     -0.817194531
C        9.713669922     -0.061380393      5.523581350
C        9.718924818     -0.041116799      4.146322365
C        8.506396451     -0.191894151      3.388722971
C        8.440881306     -0.075003725      1.986914544
C        7.221140164     -0.111901515      1.257655794
C        7.161596048      0.121612458     -0.158057074
C        5.956676846      0.173900714     -0.819423245
H        5.930274952      0.358049865     -1.904414224
H        8.104503140      0.272609587     -0.706453441
H        9.372656638      0.114296111      1.430777398
H       10.664897506      0.095183664      3.599427349
H       10.659851813      0.036328779      6.077899497
H       -3.605638532      0.468025202      3.700543790
H        8.221298322      0.019909797     10.419545199
H        6.080828734      0.071139514     11.675912063
H       -1.154485891      0.628245643     -0.654994218
H        6.080828734      0.071139514     11.675912063
H       -1.154485891      0.628245643     -0.654994218
H       -2.387935205      0.530808793      1.534718106
H        3.564768577      0.087893793     11.680649451
H        1.082989842      0.145380060     11.679682972
H       -1.066084155      0.184009106     10.428995591
H       -2.307864749      0.210990108      8.304172509
H       -3.563231950      0.346439809      6.183381651
H        0.988562232      0.576665065     -1.909558676
H        3.505668335      0.414009503     -1.903796353
H        9.451934520      0.016214049      8.225850526
Pd       6.256964610     -2.803520195      2.766728739
Ni       4.811528001     -3.792230338      4.566684778
Ni       6.625613874     -2.185386663      5.260053167
Ni       4.686164331     -1.415378320      4.279196524
Pd       5.362881671     -3.570376764      6.868568967
Pd       3.156042319     -2.363065860      6.025787581
H        3.587220560     -3.999506721      6.505232646
H        3.963325367     -3.351992398      6.333743383



