PNG-Pt4

Geom 1

6        1.701112711     -5.125631782      1.698269786
6        0.362338308     -5.358847969      1.308159168
6       -0.492881293     -4.223173971      1.032944464
6        0.013237857     -2.863223946      1.127675910
6        1.381617529     -2.648614612      1.592948662
6        2.214172182     -3.803411245      1.855001745
6       -0.190039042     -6.696600720      1.161514905
6       -1.505078043     -6.899430641      0.771345908
6       -2.386884079     -5.781086823      0.488019265
6       -1.854719104     -4.437186860      0.621943741
6       -2.700399644     -3.309413033      0.362370915
6       -4.062215842     -3.492009716     -0.043459208
6       -4.584131490     -4.837412471     -0.189595894
6       -3.738404777     -5.948603825      0.086595306
6       -2.127784218     -1.978852537      0.482176836
7       -0.799812761     -1.809045895      0.752622835
6       -4.883587731     -2.348267779     -0.330393526
6       -4.348994834     -1.015371784     -0.164079001
6       -2.989471497     -0.820500222      0.283495293
6       -5.198362861      0.119547986     -0.452403477
6       -4.691255905      1.455702223     -0.299792100
6       -3.359454667      1.659164102      0.183722680
6       -2.509705192      0.533843323      0.530139974
6       -6.557770776     -0.081988265     -0.910809203
6       -7.059193587     -1.404310772     -1.057280456
6       -6.250917525     -2.537954107     -0.771262400
6       -6.753738782     -3.893678084     -0.906789838
6       -5.957640231     -4.995782947     -0.627873273
6       -5.519666258      2.607510523     -0.599284223
6       -6.874070208      2.373708284     -1.062079704
6       -7.369230868      1.085071132     -1.209178094
6       -6.874070208      2.373708284     -1.062079704
6       -7.369230868      1.085071132     -1.209178094
6       -2.838931804      2.980202375      0.374639978
6       -1.494694212      3.149546034      0.857950575
6       -0.708631589      1.972290051      1.191903127
7       -1.285335628      0.720301031      1.095974795
6       -3.666956192      4.130331645      0.058868880
6       -4.986203129      3.916230789     -0.420542234
6        3.590475696     -3.618044530      2.295308544
6        4.135426826     -2.361604244      2.497840734
6        3.330564098     -1.175706191      2.293218711
6        1.945341156     -1.321687576      1.854715029
6        3.809200563      0.145607230      2.506618992
6        2.970885898      1.275331121      2.298977211
6        1.594447655      1.024797337      1.876895277
7        1.139058423     -0.242336487      1.683687833
6        3.417462421      2.639728406      2.484950013
6        2.556320302      3.695281327      2.240133647
6        1.183816044      3.487489242      1.798934990
6        0.673192239      2.141555291      1.639964275
6        0.365033173      4.622000838      1.514149614
6       -0.958136415      4.482012180      1.036558185
6       -1.806435652      5.621069171      0.720426059
6       -3.101085933      5.453939707      0.251637332
1       -1.900161095     -7.916917835      0.667575833
1        0.464432838     -7.552879646      1.363383975
1        2.359982690     -5.978717571      1.901344200
1        4.197204598     -4.514992350      2.468154114
1        5.176888891     -2.251649590      2.824775392
1       -8.396355332      0.927375861     -1.558897563
1        4.448177695      2.824936992      2.812042502
1        2.901920618      4.727994190      2.368913532
1       -7.789405236     -4.032909322     -1.238652239
1       -8.091095771     -1.552899521     -1.398217157
1        0.783956574      5.625871734      1.655533845
1       -1.398312346      6.628329368      0.866244259
1       -3.721430881      6.327779687      0.019764608
1       -5.615871519      4.783538085     -0.655777782
1       -7.507698745      3.238360887     -1.292455240
1       -6.359416578     -6.009794537     -0.739953426
1       -4.141802192     -6.963472480     -0.019695215
1        4.844898991      0.297714547      2.836814786
78       0.813000872     -1.656337746     -1.564079070
78      -1.641812917     -0.918750066     -0.953831599
78       0.249513099     -1.288578901      0.983667578
78       0.369147818      0.759786435     -0.667959544


Geom 2


6        1.701112711     -5.125631782      1.698269786
6        0.362338308     -5.358847969      1.308159168
6       -0.492881293     -4.223173971      1.032944464
6        0.013237857     -2.863223946      1.127675910
6        1.381617529     -2.648614612      1.592948662
6        2.214172182     -3.803411245      1.855001745
6       -0.190039042     -6.696600720      1.161514905
6       -1.505078043     -6.899430641      0.771345908
6       -2.386884079     -5.781086823      0.488019265
6       -1.854719104     -4.437186860      0.621943741
6       -2.700399644     -3.309413033      0.362370915
6       -4.062215842     -3.492009716     -0.043459208
6       -4.584131490     -4.837412471     -0.189595894
6       -3.738404777     -5.948603825      0.086595306
6       -2.127784218     -1.978852537      0.482176836
7       -0.799812761     -1.809045895      0.752622835
6       -4.883587731     -2.348267779     -0.330393526
6       -4.348994834     -1.015371784     -0.164079001
6       -2.989471497     -0.820500222      0.283495293
6       -5.198362861      0.119547986     -0.452403477
6       -4.691255905      1.455702223     -0.299792100
6       -3.359454667      1.659164102      0.183722680
6       -2.509705192      0.533843323      0.530139974
6       -6.557770776     -0.081988265     -0.910809203
6       -7.059193587     -1.404310772     -1.057280456
6       -6.250917525     -2.537954107     -0.771262400
6       -6.753738782     -3.893678084     -0.906789838
6       -5.957640231     -4.995782947     -0.627873273
6       -5.519666258      2.607510523     -0.599284223
6       -6.874070208      2.373708284     -1.062079704
6       -7.369230868      1.085071132     -1.209178094
6       -6.874070208      2.373708284     -1.062079704
6       -7.369230868      1.085071132     -1.209178094
6       -2.838931804      2.980202375      0.374639978
6       -1.494694212      3.149546034      0.857950575
6       -0.708631589      1.972290051      1.191903127
7       -1.285335628      0.720301031      1.095974795
6       -3.666956192      4.130331645      0.058868880
6       -4.986203129      3.916230789     -0.420542234
6        3.590475696     -3.618044530      2.295308544
6        4.135426826     -2.361604244      2.497840734
6        3.330564098     -1.175706191      2.293218711
6        1.945341156     -1.321687576      1.854715029
6        3.809200563      0.145607230      2.506618992
6        2.970885898      1.275331121      2.298977211
6        1.594447655      1.024797337      1.876895277
7        1.139058423     -0.242336487      1.683687833
6        3.417462421      2.639728406      2.484950013
6        2.556320302      3.695281327      2.240133647
6        1.183816044      3.487489242      1.798934990
6        0.673192239      2.141555291      1.639964275
6        0.365033173      4.622000838      1.514149614
6       -0.958136415      4.482012180      1.036558185
6       -1.806435652      5.621069171      0.720426059
6       -3.101085933      5.453939707      0.251637332
1       -1.900161095     -7.916917835      0.667575833
1        0.464432838     -7.552879646      1.363383975
1        2.359982690     -5.978717571      1.901344200
1        4.197204598     -4.514992350      2.468154114
1        5.176888891     -2.251649590      2.824775392
1       -8.396355332      0.927375861     -1.558897563
1        4.448177695      2.824936992      2.812042502
1        2.901920618      4.727994190      2.368913532
1       -7.789405236     -4.032909322     -1.238652239
1       -8.091095771     -1.552899521     -1.398217157
1        0.783956574      5.625871734      1.655533845
1       -1.398312346      6.628329368      0.866244259
1       -3.721430881      6.327779687      0.019764608
1       -5.615871519      4.783538085     -0.655777782
1       -7.507698745      3.238360887     -1.292455240
1       -6.359416578     -6.009794537     -0.739953426
1       -4.141802192     -6.963472480     -0.019695215
1        4.844898991      0.297714547      2.836814786
78       1.128501833     -1.378907430     -0.941890817
78      -1.308224377     -0.729449116     -1.705512173
78      -0.425188539     -0.190658933      0.823863911
78       0.494902810      1.138586845     -1.255684775


Geom 3


6        3.385722634     -4.906106023      1.092806742
6        2.046948231     -5.139322210      0.702696124
6        1.191728630     -4.003648212      0.427481419
6        1.697847780     -2.643698187      0.522212866
6        3.066227452     -2.429088853      0.987485618
6        3.898782104     -3.583885486      1.249538701
6        1.494570881     -6.477074961      0.556051861
6        0.179531880     -6.679904881      0.165882864
6       -0.702274156     -5.561561064     -0.117443779
6       -0.170109182     -4.217661101      0.016480697
6       -1.015789721     -3.089887274     -0.243092129
6       -2.377605919     -3.272483957     -0.648922252
6       -2.899521567     -4.617886712     -0.795058939
6       -2.053794854     -5.729078066     -0.518867738
6       -0.443174295     -1.759326778     -0.123286208
7        0.884797162     -1.589520135      0.147159791
6       -3.198977809     -2.128742020     -0.935856570
6       -2.664384912     -0.795846025     -0.769542045
6       -1.304861575     -0.600974462     -0.321967751
6       -3.513752938      0.339073745     -1.057866522
6       -3.006645982      1.675227982     -0.905255144
6       -1.674844744      1.878689862     -0.421740364
6       -0.825095270      0.753369082     -0.075323070
6       -4.873160854      0.137537494     -1.516272247
6       -5.374583665     -1.184785013     -1.662743500
6       -4.566307602     -2.318428348     -1.376725444
6       -5.069128860     -3.674152325     -1.512252882
6       -4.273030309     -4.776257188     -1.233336318
6       -3.835056336      2.827036282     -1.204747267
6       -5.189460285      2.593234043     -1.667542748
6       -5.684620945      1.304596891     -1.814641138
6       -5.189460285      2.593234043     -1.667542748
6       -5.684620945      1.304596891     -1.814641138
6       -1.154321881      3.199728134     -0.230823066
6        0.189915711      3.369071793      0.252487531
6        0.975978333      2.191815810      0.586440083
7        0.399274295      0.939826790      0.490511751
6       -1.982346269      4.349857404     -0.546594165
6       -3.301593207      4.135756548     -1.026005278
6        5.275085618     -3.398518771      1.689845499
6        5.820036749     -2.142078485      1.892377690
6        5.015174021     -0.956180432      1.687755666
6        3.629951078     -1.102161817      1.249251985
6        5.493810486      0.365132989      1.901155948
6        4.655495821      1.494856880      1.693514167
6        3.279057578      1.244323096      1.271432233
7        2.823668345     -0.022810727      1.078224789
6        5.102072344      2.859254165      1.879486969
6        4.240930225      3.914807086      1.634670603
6        2.868425967      3.707015001      1.193471946
6        2.357802162      2.361081050      1.034501231
6        2.049643096      4.841526597      0.908686570
6        0.726473507      4.701537939      0.431095141
6       -0.121825729      5.840594931      0.114963015
6       -1.416476010      5.673465466     -0.353825712
1       -0.215551173     -7.697392076      0.062112789
1        2.149042761     -7.333353887      0.757920930
1        4.044592612     -5.759191811      1.295881155
1        5.881814521     -4.295466591      1.862691069
1        6.861498814     -2.032123831      2.219312347
1       -6.711745409      1.146901620     -2.164360607
1        6.132787617      3.044462751      2.206579457
1        4.586530540      4.947519949      1.763450488
1       -6.104795313     -3.813383563     -1.844115283
1       -6.406485849     -1.333373762     -2.003680201
1        2.468566496      5.845397493      1.050070801
1        0.286297576      6.847855127      0.260781214
1       -2.036820958      6.547305446     -0.585698436
1       -3.931261597      5.003063844     -1.261240826
1       -5.823088822      3.457886647     -1.897918285
1       -4.674806656     -5.790268778     -1.345416470
1       -2.457192269     -6.743946721     -0.625158259
1        6.529508914      0.517240306      2.231351741
78       0.467225600     -0.619243313      0.762083550
78       0.373174635     -2.756412901      2.300332187
78       1.796835257     -0.542824343      3.035863734
78      -0.837129680     -0.531401128      3.026732054


Geom 4


6        2.772570009     -4.876616265     -0.993454484
6        1.433795606     -5.109832452     -1.383565102
6        0.578576005     -3.974158454     -1.658779807
6        1.084695155     -2.614208429     -1.564048360
6        2.453074827     -2.399599095     -1.098775608
6        3.285629479     -3.554395728     -0.836722525
6        0.881418256     -6.447585203     -1.530209365
6       -0.433620745     -6.650415123     -1.920378362
6       -1.315426781     -5.532071306     -2.203705005
6       -0.783261807     -4.188171343     -2.069780529
6       -1.628942346     -3.060397516     -2.329353355
6       -2.990758544     -3.242994199     -2.735183478
6       -3.512674192     -4.588396954     -2.881320165
6       -2.666947479     -5.699588308     -2.605128964
6       -1.056326920     -1.729837020     -2.209547434
7        0.271644537     -1.560030377     -1.939101435
6       -3.812130434     -2.099252262     -3.022117796
6       -3.277537537     -0.766356267     -2.855803271
6       -1.918014200     -0.571484704     -2.408228977
6       -4.126905563      0.368563503     -3.144127748
6       -3.619798607      1.704717740     -2.991516370
6       -2.287997369      1.908179620     -2.508001590
6       -1.438247895      0.782858840     -2.161584296
6       -5.486313479      0.167027252     -3.602533473
6       -5.987736290     -1.155295255     -3.749004726
6       -5.179460227     -2.288938590     -3.462986670
6       -5.682281485     -3.644662567     -3.598514108
6       -4.886182934     -4.746767430     -3.319597544
6       -4.448208961      2.856526040     -3.291008493
6       -5.802612910      2.622723801     -3.753803974
6       -6.297773570      1.334086649     -3.900902364
6       -5.802612910      2.622723801     -3.753803974
6       -6.297773570      1.334086649     -3.900902364
6       -1.767474506      3.229217892     -2.317084292
6       -0.423236914      3.398561551     -1.833773695
6        0.362825708      2.221305568     -1.499821143
7       -0.213878330      0.969316548     -1.595749475
6       -2.595498894      4.379347162     -2.632855391
6       -3.914745832      4.165246306     -3.112266504
6        4.661932993     -3.369029013     -0.396415727
6        5.206884124     -2.112588727     -0.193883536
6        4.402021396     -0.926690674     -0.398505560
6        3.016798453     -1.072672059     -0.837009241
6        4.880657861      0.394622747     -0.185105278
6        4.042343196      1.524346638     -0.392747059
6        2.665904953      1.273812854     -0.814828993
7        2.210515720      0.006679031     -1.008036437
6        4.488919719      2.888743923     -0.206774257
6        3.627777600      3.944296844     -0.451590623
6        2.255273342      3.736504759     -0.892789280
6        1.744649537      2.390570808     -1.051759995
6        1.436490471      4.871016355     -1.177574656
6        0.113320882      4.731027697     -1.655166085
6       -0.734978354      5.870084689     -1.971298211
6       -2.029628635      5.702955224     -2.440086938
1       -0.828703798     -7.667902318     -2.024148437
1        1.535890136     -7.303864129     -1.328340296
1        3.431439987     -5.729702053     -0.790380071
1        5.268661896     -4.265976833     -0.223570157
1        6.248346189     -2.002634073      0.133051121
1       -7.324898034      1.176391378     -4.250621833
1        5.519634992      3.073952509      0.120318231
1        3.973377915      4.977009707     -0.322810738
1       -6.717947938     -3.783893805     -3.930376509
1       -7.019638474     -1.303884004     -4.089941427
1        1.855413871      5.874887251     -1.036190425
1       -0.326855049      6.877344885     -1.825480012
1       -2.649973583      6.576795204     -2.671959662
1       -4.544414222      5.032553602     -3.347502052
1       -6.436241447      3.487376405     -3.984179511
1       -5.287959281     -5.760779020     -3.431677696
1       -3.070344894     -6.714456963     -2.711419485
1        5.916356289      0.546730064      0.145090515
78       1.218490958     -0.813457610     -1.162381722
78       0.947051142      0.766676712      0.928561666
78      -0.823017543     -1.257979138      0.443364731
78       1.637503614     -1.757094723      1.240048128


Geom 5

6        2.772570009     -4.876616265     -0.993454484
6        1.433795606     -5.109832452     -1.383565102
6        0.578576005     -3.974158454     -1.658779807
6        1.084695155     -2.614208429     -1.564048360
6        2.453074827     -2.399599095     -1.098775608
6        3.285629479     -3.554395728     -0.836722525
6        0.881418256     -6.447585203     -1.530209365
6       -0.433620745     -6.650415123     -1.920378362
6       -1.315426781     -5.532071306     -2.203705005
6       -0.783261807     -4.188171343     -2.069780529
6       -1.628942346     -3.060397516     -2.329353355
6       -2.990758544     -3.242994199     -2.735183478
6       -3.512674192     -4.588396954     -2.881320165
6       -2.666947479     -5.699588308     -2.605128964
6       -1.056326920     -1.729837020     -2.209547434
7        0.271644537     -1.560030377     -1.939101435
6       -3.812130434     -2.099252262     -3.022117796
6       -3.277537537     -0.766356267     -2.855803271
6       -1.918014200     -0.571484704     -2.408228977
6       -4.126905563      0.368563503     -3.144127748
6       -3.619798607      1.704717740     -2.991516370
6       -2.287997369      1.908179620     -2.508001590
6       -1.438247895      0.782858840     -2.161584296
6       -5.486313479      0.167027252     -3.602533473
6       -5.987736290     -1.155295255     -3.749004726
6       -5.179460227     -2.288938590     -3.462986670
6       -5.682281485     -3.644662567     -3.598514108
6       -4.886182934     -4.746767430     -3.319597544
6       -4.448208961      2.856526040     -3.291008493
6       -5.802612910      2.622723801     -3.753803974
6       -6.297773570      1.334086649     -3.900902364
6       -5.802612910      2.622723801     -3.753803974
6       -6.297773570      1.334086649     -3.900902364
6       -1.767474506      3.229217892     -2.317084292
6       -0.423236914      3.398561551     -1.833773695
6        0.362825708      2.221305568     -1.499821143
7       -0.213878330      0.969316548     -1.595749475
6       -2.595498894      4.379347162     -2.632855391
6       -3.914745832      4.165246306     -3.112266504
6        4.661932993     -3.369029013     -0.396415727
6        5.206884124     -2.112588727     -0.193883536
6        4.402021396     -0.926690674     -0.398505560
6        3.016798453     -1.072672059     -0.837009241
6        4.880657861      0.394622747     -0.185105278
6        4.042343196      1.524346638     -0.392747059
6        2.665904953      1.273812854     -0.814828993
7        2.210515720      0.006679031     -1.008036437
6        4.488919719      2.888743923     -0.206774257
6        3.627777600      3.944296844     -0.451590623
6        2.255273342      3.736504759     -0.892789280
6        1.744649537      2.390570808     -1.051759995
6        1.436490471      4.871016355     -1.177574656
6        0.113320882      4.731027697     -1.655166085
6       -0.734978354      5.870084689     -1.971298211
6       -2.029628635      5.702955224     -2.440086938
1       -0.828703798     -7.667902318     -2.024148437
1        1.535890136     -7.303864129     -1.328340296
1        3.431439987     -5.729702053     -0.790380071
1        5.268661896     -4.265976833     -0.223570157
1        6.248346189     -2.002634073      0.133051121
1       -7.324898034      1.176391378     -4.250621833
1        5.519634992      3.073952509      0.120318231
1        3.973377915      4.977009707     -0.322810738
1       -6.717947938     -3.783893805     -3.930376509
1       -7.019638474     -1.303884004     -4.089941427
1        1.855413871      5.874887251     -1.036190425
1       -0.326855049      6.877344885     -1.825480012
1       -2.649973583      6.576795204     -2.671959662
1       -4.544414222      5.032553602     -3.347502052
1       -6.436241447      3.487376405     -3.984179511
1       -5.287959281     -5.760779020     -3.431677696
1       -3.070344894     -6.714456963     -2.711419485
1        5.916356289      0.546730064      0.145090515
78       0.650395783     -0.236243198     -1.410064454
78       0.349406095      1.422343092      0.615039253
78      -1.433617757     -0.598265287      0.161433428
78       1.001153505     -1.096098737      1.034380118



